v 0
n -0.00620041 -0.00335077 -0.999975
b 0 1 2 5 8 12
f 0 1 2 5 8 12
v 1
n -0.442512 0.203307 -0.873412
b 1 3 4
f 1 3 4
v 5
n 0.999994 0.00337379 -0.000183137
b 0 8 11 13
f 0 7 8 9 10 11 13
v 11
n -0.00364058 0.999993 -0.00128502
b 2 5 6 8 11 12 17
f 2 5 6 8 11 12 17
v 15
n -0.000355659 -1 0.00014145
b 0 1 13 14
f 0 1 13 14
v 16
n 0.697154 0.716922 0
b 3 4 14 15 16
f 3 4 14 15 16
v 25
n -0.913049 0.40785 0
b 1 2 3 4 6 14 15 16 17
f 1 2 3 4 6 14 15 16 17
v 30
n -0.0121183 -0.00609419 0.999908
b 6 11 13 14
f 6 11 13 14
