v 1
n -0.0386675 -0.990197 -0.13422
b 0 1 3 4 5 9 11 16 18 20 21 23 25
f 0 1 3 4 5 8 9 10 11 16 18 20 21 23 25
v 7
n -0.960618 -0.00131214 -0.27787
b 1 2 3 14 16 17 19 20
f 1 2 3 14 16 17 19 20
v 14
n 0.290373 -0.000335338 -0.956913
b 0 1 2 4 5 6 7 11 13
f 0 1 2 4 5 6 7 11 13
v 26
n 0.962291 -0.00119179 0.272019
b 0 7 9 12 18 22 23 27
f 0 7 9 12 15 18 22 23 27
v 28
n 0.0115999 0.999928 0.00313125
b 2 6 7 12 13 14 17 19 22 24 26 27
f 2 6 7 12 13 14 17 19 22 24 26 27
v 51
n -0.29163 0.00010938 0.956531
b 14 20 21 23 24 25 26 27
f 14 20 21 23 24 25 26 27
