v 1
n 0.999917 -0.00955103 -0.00862819
b 0 1 2 3 13 15 62
f 0 1 2 3 13 15 18 19 49 50 51 60 61 62
v 5
n -0.00801152 -0.999964 -0.00294655
b 4 5 7 20 21 24
f 4 5 6 7 20 21 22 23 24 25 26 27 28 29 30
v 12
n -0.9997 0.0244826 -0.000548534
b 8 9 10 11 12 14 31 32
f 8 9 10 11 12 14 31 32 33 34 38 39 40 41 42 46 47 48
v 17
n -0.000544093 0.000801775 -1
b 35 36 37 63
f 35 36 37 63
v 22
n -0.0132418 -0.00684419 0.999889
b 43 44 45 52
f 43 44 45 52
v 28
n 0.017544 0.999824 -0.00658785
b 16 17 53 54 55 56 58
f 16 17 53 54 55 56 57 58 59
