v 4
n 0.984902 0.155352 -0.0763744
9 12 54
v 5
n -0.186478 -0.533607 0.824918
0 2 17
v 6
n -0.282042 0.503092 0.816916
0 17 24
v 7
n 0.0597345 -0.966226 -0.250677
0 6 24
v 8
n 0.501336 -0.861623 0.0791741
6 24 38
v 9
n -0.431448 -0.612299 0.662528
0 2 11
v 10
n -0.0413514 -0.00834812 -0.99911
0 6 8
v 11
n 0.0878304 -0.995259 -0.0417838
3 14 25 32 37
v 13
n 0.404659 -0.0541329 0.912864
3 32 40
v 14
n -0.980037 -0.019909 0.197818
14 22 39
v 17
n 1 0 0
1 5 13
v 19
n -0.00726489 -0.693936 -0.72
10 17 37
v 21
n -0.106745 -0.093485 0.989882
2 4 11 17 26
v 24
n 0.879402 0.00437655 0.476059
3 15 40
v 26
n 0.0591101 -0.0161085 -0.998121
3 14 15
v 28
n 4.03046e-06 -1 3.03209e-05
9 10 17 18 25 31 32 37
v 29
n -0.571559 -0.82056 -0.00132512
17 24 31
v 32
n -0.118245 0.99287 0.0150986
5 13 45 50 55
v 35
n -0.88725 -0.0916324 0.452097
4 11 26 34
v 37
n -0.0782542 0.653637 0.752751
45 47 50
v 38
n -0.999999 -0.00133674 0.00031535
7 9 12 18 41 54
v 41
n -0.0143166 -0.866128 0.499617
15 34 40
v 43
n 0.0894231 0.784361 0.613825
43 44 48
v 46
n 0.09275 -0.21961 -0.971169
16 18 23 25 30
v 47
n 0.0109451 -0.535058 0.844744
34 40 42
v 48
n -0.0358337 0.0298847 -0.998911
0 6 8 11 20 34
v 49
n 0.999971 -0.00732723 0.00197687
24 31 43 56
v 50
n 0.00164612 -0.00379245 -0.999991
17 26 32 37 40 42
v 52
n -0.834976 -0.550264 -0.00501168
7 9 12 14 18 32 39
v 57
n -0.67968 0.00463195 -0.733494
14 21 22
v 60
n -0.443274 -0.299641 0.844821
16 18 58
v 62
n 0.997845 -0.011106 -0.0646695
6 20 38 49
v 63
n -0.660643 0.750699 0.00158307
1 5 13 41 45 54 55
v 69
n 0.11126 0.974498 -0.19487
27 29 33 35 36 46 49 51 52
v 76
n -0.0125286 -0.00707382 -0.999896
14 15 20 21 22 27 28 29 33 34 35 36
v 77
n 0.123919 0.951242 0.28246
43 48 50 55 56 57 59 60
v 82
n 0.480073 0.227115 -0.847319
20 28 29 49
v 83
n -0.114722 0.991145 -0.0668652
22 27 46
v 84
n 0.509815 0.0094717 0.860232
24 38 43
v 91
n -0.361734 -0.586241 -0.724893
26 34 42
v 96
n 0.00569148 -0.00692841 0.99996
16 23 25 30 31 54 55 56 57 58 59 60
v 97
n -0.540472 -0.00235838 0.841358
7 22 39 41 46
v 100
n -0.0130845 0.337895 0.941093
38 43 44 48 49 50 51 52
v 106
n -0.034035 0.201239 0.978951
41 45 46 47 50 51
v 111
n -0.656435 -0.0211197 0.754087
18 54 58
