v 3
n -1 -0 0
0 2 4
v 6
n 0.00483061 0 0.999988
6 7 8 9
v 11
n 3.02458e-07 -3.13061e-05 1
10 12 14 15
v 14
n 0.999988 3.13393e-05 -0.00483575
16 17 18 19
v 19
n 1 0 0
20 22 24
v 22
n -0.00483121 -0 -0.999988
26 27 28 29
v 27
n -3.02497e-07 -3.13101e-05 -1
30 32 34 35
v 30
n -0.999988 3.13136e-05 0.00483184
36 37 38 39
v 38
n -0 0.999953 0.00966092
0 4 7 9 10 14 17 19 20 24 27 29 30 34 37 39
v 65
n 0 0 -1
0 1 2 3 4 11 13 16 17 18 19 41 44 45 46
v 66
n -1 0 0
10 11 12 13 14 15 21 23 26 27 28 29 40 41 42 43
v 68
n 0 0 1
20 21 22 23 24 31 33 36 37 38 39 43 48 50 51
v 70
n 1 -0 0
1 3 6 7 8 9 30 31 32 33 34 35 45 47 48 49
v 74
n 0 -1 0
47 48 51
v 79
n 0 -1 0
40 41 42 43 44 45 46 47 49 50 51
