v 0
n -0.793259 -0.608873 0.00369863
b 0 1 2
f 0 1 2
v 2
n -0.573508 -0.8192 0.000327239
b 0 1 4 6 7 19 20 35 45 65 69 73 83 90 93 94 96 102 105 106 107 126
f 0 1 4 5 6 7 19 20 34 35 45 65 69 73 83 89 90 93 94 96 102 105 106 107 126
v 5
n -0.567659 -0.803949 0.177284
b 8 9 10 11 27 28 30 33 37 43 44
f 8 9 10 11 27 28 30 33 37 43 44
v 6
n 0.840828 -0.541267 -0.00614796
b 3 12 13 14 29
f 3 12 13 14 29
v 9
n -0.618425 -0.782633 -0.0709732
b 0 1 2 7 8 9 10 11 19 20 27 28 30 33 35 37 43 44 45 62 63 65 69 73 83 147
f 0 1 2 7 8 9 10 11 19 20 25 27 28 30 33 35 36 37 43 44 45 62 63 65 66 69 73 83 147
v 19
n 0.805126 -0.592945 0.0137125
b 14 15 16 31 32
f 14 15 16 31 32
v 26
n -0.130534 -0.215207 0.967805
b 4 6 18 21 22 24 49 54 55 61 81 91 93 95 115 308 337
f 4 6 18 21 22 23 24 49 54 55 61 81 91 93 95 115 308 337
v 27
n 0.813537 -0.581457 -0.00806384
b 3 12 13 14 15 16 18 29 31 32 38 39 40 41 47 48 52 67 108 312
f 3 12 13 14 15 16 17 18 26 29 31 32 38 39 40 41 47 48 52 56 64 67 108 312
v 36
n 0.803591 -0.595158 -0.00532337
b 32 38 39 47 48
f 32 38 39 47 48
v 45
n 0.148966 -0.988835 0.00367914
b 0 2 3 6 10 12 15 18 62
f 0 2 3 6 10 12 15 18 62
v 49
n 0.818549 -0.574186 -0.016987
b 57 58 59
f 57 58 59
v 57
n 0.407927 -0.287547 0.866552
b 18 21 41
f 18 21 41
v 62
n 0.343029 -0.0358311 0.938641
b 21 24 68
f 21 24 68
v 65
n -0.207253 0.354493 0.911801
b 70 71 72
f 70 71 72
v 82
n 0.580907 -0.476415 0.659982
b 40 52 84
f 40 52 84
v 84
n 0.0846479 -0.672618 0.735133
b 51 77 84
f 51 77 84
v 93
n 0.485408 -0.87428 0.00370591
b 57 58 59 70 71 72 77 78 79 80 85 86 164 169 173 174 176 181 191 226 287
f 57 58 59 70 71 72 77 78 79 80 85 86 87 164 169 173 174 176 181 191 226 287
v 100
n 0.715053 -0.6737 0.186622
b 90 91 92 93 100
f 90 91 92 93 100
v 110
n -0.959274 0.260062 0.110273
b 96 102 103
f 96 102 103
v 116
n -0.576223 -0.817286 -0.00330678
b 105 106 107
f 105 106 107
v 117
n 0.963793 -0.15231 0.218871
b 58 59 78 79 80 82 110 192 200 226
f 58 59 78 79 80 82 104 110 192 200 226
v 118
n 0.50603 -0.423166 -0.751575
b 15 62 108
f 15 62 108
v 119
n 0.903911 0.425792 -0.0405718
b 82 109 110
f 82 109 110
v 121
n -0.745132 0.66678 0.0134864
b 94 111 112 116 117 125 126
f 94 111 112 116 117 125 126
v 123
n -0.00750553 -0.00923679 -0.999929
b 62 63 108
f 62 63 108
v 130
n 0.42631 0.47051 0.77258
b 88 120 121
f 88 120 121
v 135
n 0.0783044 -0.996678 -0.0223715
b 47 48 97 98
f 47 48 97 98
v 138
n 0.0636009 -0.755066 -0.652556
b 67 70 130
f 67 70 130
v 139
n -0.868816 0.28842 -0.402458
b 70 130 131
f 70 130 131
v 140
n 0.360577 -0.932595 -0.0158368
b 70 71 131
f 70 71 131
v 141
n 0.951152 0.308482 -0.0121767
b 128 132 133
f 128 132 133
v 143
n 0.536343 0.831159 -0.146669
b 71 130 131
f 71 130 131
v 145
n 0.260426 -0.13986 0.95531
b 101 115 135 136 282
f 101 115 135 136 282
v 148
n 0.44433 0.298587 0.84464
b 140 141 142
f 140 141 142
v 149
n -0.894119 0.445888 0.0416444
b 140 142 143 163 168
f 140 142 143 163 168
v 150
n -0.573701 -0.81906 0.00264585
b 144 145 146 196 219 245 247 376
f 144 145 146 196 219 225 245 247 376
v 158
n 0.986274 0.163913 0.0199052
b 40 42 84
f 40 42 84
v 163
n -0.826935 0.557946 0.0698134
b 156 157 158 204
f 156 157 158 204
v 164
n 0.873015 0.487686 -0.00270754
b 159 160 161
f 159 160 161
v 166
n 0.543594 0.298962 0.7843
b 82 113 162
f 82 113 162
v 170
n 0.179082 -0.904247 -0.387642
b 71 130 164
f 71 130 164
v 175
n -0.066583 0.139631 -0.987963
b 48 67 80 98 99 129 130 133 162 169 173 174 181 189 190 197 199 200 209 228 229
f 48 67 80 98 99 129 130 133 134 162 169 173 174 181 189 190 197 199 200 209 228 229
v 183
n -0.633907 0.455919 -0.624739
b 168 170 171
f 168 170 171
v 189
n 0.238813 -0.964794 -0.110184
b 58 174 176
f 58 174 176
v 194
n 0.555044 0.829699 -0.0593795
b 179 180 183 184 185 186 214 215 240 251 252 255 256 260 261 262 265 266 272 278 279 301 306 309 346
f 179 180 183 184 185 186 214 215 240 251 252 255 256 260 261 262 265 266 272 278 279 301 306 309 346
v 203
n -0.836605 0.543403 0.0693273
b 94 96 111 112 116 117 118 119 125 126 140 141 151 153 154 155 156 157 158 168 201 204 220 221 222 231
f 94 96 111 112 116 117 118 119 125 126 140 141 151 152 153 154 155 156 157 158 168 201 202 204 220 221 222 231
v 208
n -0.49865 0.195668 0.84443
b 174 189 190
f 174 189 190
v 209
n 0.561523 -0.0422924 -0.82638
b 78 181 190
f 78 181 190
v 210
n -0.672879 -0.43098 -0.60124
b 78 190 191
f 78 190 191
v 212
n 0.035502 0.86288 -0.50416
b 80 190 191
f 80 190 191
v 213
n -0.660605 -0.473563 -0.582529
b 80 189 192
f 80 189 192
v 216
n -0.624674 -0.444075 -0.642324
b 106 125 126 193
f 106 125 126 193
v 217
n 0.0889043 -0.994487 0.0556023
b 194 195 196
f 194 195 196
v 219
n -0.998795 -0.0323638 -0.0368963
b 197 198 199
f 197 198 199
v 220
n 0.854567 -0.515509 -0.0629704
b 198 199 200
f 198 199 200
v 223
n 0.639098 0.765301 -0.0765959
b 197 198 200
f 197 198 200
v 225
n 0.946946 0.321314 -0.00709241
b 127 128 132
f 127 128 132
v 230
n 0.572728 0.819739 0.00341822
b 40 41 42 53 84 88 120 121 159 160 246 263
f 40 41 42 53 84 88 120 121 159 160 246 263
v 239
n 0.189064 0.241375 0.951837
b 206 207 212
f 206 207 212
v 247
n -0.0588369 0.310799 0.948653
b 74 75 122 217
f 74 75 122 217
v 253
n 0.362497 -0.00046952 0.931985
b 128 129 133
f 128 129 133
v 257
n 0.556728 0.439449 -0.704938
b 162 197 209
f 162 197 209
v 262
n -0.823399 0.541534 0.169573
b 220 221 222 232 233
f 220 221 222 232 233
v 263
n -0.339181 -0.940716 0.00319168
b 50 51 52 67 84
f 50 51 52 67 84
v 264
n 0.0850988 -0.996363 0.00442293
b 50 51 67 70 77 84 85
f 50 51 67 70 77 84 85
v 283
n 0.783368 -0.621134 -0.0229853
b 236 237 238
f 236 237 238
v 288
n -0.0205322 -0.28978 0.956873
b 57 74 75 84 85 86 122
f 57 74 75 76 84 85 86 122
v 302
n 0.807519 -0.586535 -0.0623663
b 113 144 179 180 194 195 196 236 237 238 244 339 364 378 382
f 113 144 165 166 167 175 179 180 194 195 196 223 224 227 236 237 238 244 335 338 339 364 378 382 387
v 308
n -0.570552 0.208617 0.794323
b 122 253 254
f 122 253 254
v 310
n 0.555574 0.829998 -0.049407
b 250 251 252 256 257 262
f 250 251 252 256 257 262
v 317
n -0.77102 0.636663 -0.0137352
b 267 268 269 272 276 288 289
f 267 268 269 272 276 288 289
v 329
n 0.11055 0.133617 0.984848
b 123 124 241 258 259 273 275 277 290
f 123 124 241 258 259 273 275 277 290
v 335
n -0.711641 0.67423 0.197436
b 241 273 280
f 241 273 280
v 339
n 0.607589 0.790733 0.0746816
b 92 100 281 336 337
f 92 100 281 336 337
v 345
n -0.581568 -0.809671 0.0788067
b 135 136 137 138 139 282 283 286 350
f 135 136 137 138 139 282 283 286 350
v 346
n 0.400503 -0.626134 0.668994
b 90 92 284
f 90 92 284
v 348
n -0.634804 0.481069 0.604646
b 102 103 281
f 102 103 281
v 350
n -0.307455 -0.677262 0.668422
b 90 102 281 284
f 90 102 281 284
v 352
n 0.27694 0.444021 0.852144
b 92 281 284
f 92 281 284
v 355
n -0.201313 0.976761 0.0735568
b 168 222 232
f 168 222 232
v 362
n 0.271078 0.377174 -0.885583
b 88 120 246
f 88 120 246
v 363
n -0.0254031 -0.0362103 0.999021
b 75 84 88 123 124 217 246 259
f 75 84 88 123 124 217 246 259
v 373
n 0.508135 0.699744 0.502153
b 273 275 277
f 273 275 277
v 374
n -0.264778 -0.376732 0.887674
b 159 218 219 291 292 320 332 360 377
f 159 218 219 291 292 320 332 360 377
v 375
n 0.00412162 0.00516074 0.999978
b 273 274 275 293 302 325 328
f 273 274 275 293 302 325 328
v 378
n -0.234548 -0.336707 0.91193
b 137 283 286 297 329 334 341 344 361
f 137 283 286 297 329 334 341 344 361
v 380
n -0.536133 0.417225 -0.733815
b 298 299 300
f 298 299 300
v 381
n -0.0506786 0.0380529 -0.99799
b 298 300 301
f 298 300 301
v 383
n -0.786122 0.11643 -0.607006
b 112 117 155
f 112 117 155
v 384
n 0.365334 -0.255803 0.89504
b 283 297 303 304
f 283 297 303 304
v 386
n -0.378106 0.632514 -0.67599
b 130 164 169
f 130 164 169
v 390
n 0.137026 -0.885436 -0.444102
b 72 169 173
f 72 169 173
v 394
n -0.610651 0.532131 -0.586466
b 299 300 306
f 299 300 306
v 395
n 0.153503 0.762977 -0.627936
b 300 301 306
f 300 301 306
v 396
n -0.818263 0.496665 -0.289431
b 170 171 172 177 178 182 187 232 233 239 242 243 307
f 170 171 172 177 178 182 187 232 233 239 242 243 307
v 403
n 0.547383 0.565021 0.617351
b 290 305 310
f 290 305 310
v 405
n 0.692878 -0.379579 -0.613058
b 32 38 312
f 32 38 312
v 408
n 0.819178 -0.570709 -0.0569093
b 313 314 315
f 313 314 315
v 415
n 0.990499 0.110624 -0.0816986
b 91 100 308
f 91 100 308
v 426
n 0.968185 0.248951 -0.0253161
b 82 109 110 113 114 162 200 226
f 82 109 110 113 114 162 200 226
v 433
n 0.923878 0.363639 -0.119233
b 113 114 162 194 228 229
f 113 114 162 194 228 229
v 438
n -0.819336 0.572661 -0.0273421
b 148 150 210 211 213 216 324 327 329
f 148 150 210 211 213 216 324 327 329
v 440
n -0.00468623 -0.398251 0.917264
b 326 330 331
f 326 330 331
v 449
n 0.349683 -0.260142 0.900027
b 303 304 334
f 303 304 334
v 458
n -0.369815 0.263863 0.89085
b 286 297 304 334
f 286 297 304 334
v 463
n 0.820488 -0.571655 0.00301431
b 159 160 161 219 230 234 247 285 375
f 159 160 161 219 230 234 235 247 285 375
v 474
n -0.370482 0.26017 0.891658
b 150 210 213 286 329 341
f 150 210 213 286 329 341
v 478
n 0.201525 0.359289 0.911208
b 21 22 24 41 42 49 53 54 55 61 68 81 95 101 115 159
f 21 22 24 41 42 49 53 54 55 60 61 68 81 95 101 115 159
v 479
n 0.565397 0.824163 0.0329009
b 313 314 326 327 329 330 343
f 313 314 326 327 329 330 343
v 480
n 0.3906 -0.29901 0.870646
b 101 115 135
f 101 115 135
v 490
n 0.573795 0.818999 -0.000280398
b 179 180 183 184 185 186 214 215 240 244 250 251 252 255 256 257 260 261 262 265 266 272 279 301 309 346 349 378 380 389 406
f 179 180 183 184 185 186 214 215 240 244 250 251 252 255 256 257 260 261 262 265 266 270 271 272 279 301 309 346 348 349 378 379 380 389 406
v 493
n 0.390529 -0.257711 0.883783
b 303 314 315 333 334 344
f 303 314 315 333 334 344
v 497
n 0.75271 -0.654411 -0.0719289
b 101 282 283 303 313 315 333 347 352 357 358
f 101 282 283 303 313 315 333 347 352 357 358
v 500
n -0.815342 0.578974 -0.0025015
b 139 148 150 210 211 286 350
f 139 148 149 150 210 211 286 350
v 502
n -0.726145 0.658143 -0.198901
b 174 176 181
f 174 176 181
v 516
n -0.818539 0.57445 -0.000244038
b 96 103 117 118 119 140 141 142 143 151 153 154 155 163 168 170 171 172 178 182 187 205 208 220 221 231 232 249 268 269 272 281 288 289 299 306 336 346 349 356
f 96 103 117 118 119 140 141 142 143 151 153 154 155 163 168 170 171 172 178 182 187 203 205 208 220 221 231 232 249 268 269 272 281 288 289 299 306 336 346 349 351 356
v 519
n -0.296233 0.311746 0.902807
b 100 308 337
f 100 308 337
v 534
n 0.274573 0.20036 0.94046
b 188 248 340
f 188 248 340
v 535
n -0.850593 0.111346 -0.513901
b 189 192 199 200
f 189 192 199 200
v 541
n 0.358468 0.687994 -0.631004
b 154 336 337
f 154 336 337
v 544
n -0.38476 0.262889 0.884787
b 115 136 138 154 337 350
f 115 136 138 154 337 350
v 556
n -0.0140983 0.101908 -0.994694
b 32 33 43 44 47 63 97 108 127 132 147 201 220 222 237 294 295 296 312 342 362 363 364
f 32 33 43 44 47 63 97 108 127 132 147 201 220 222 237 294 295 296 312 342 353 362 363 364
v 562
n 0.0926179 0.16748 0.981515
b 323 366 369 372
f 323 366 369 372
v 565
n 0.375517 -0.128278 0.917895
b 368 370 371
f 368 370 371
v 571
n 0.697297 0.31173 0.645447
b 109 114 194 196 226 287 391
f 109 114 194 196 226 287 391
v 579
n 0.00601849 0.00774805 0.999952
b 57 109 122 123 146 196 217 241 253 254 280 287 302 323 325 355 366 369 372 374 376 381 384 385 391 402 403 404 405
f 57 109 122 123 146 196 217 241 253 254 264 280 287 302 317 318 323 325 355 366 369 372 374 376 381 384 385 391 402 403 404 405
v 587
n -0.543342 -0.519595 -0.659395
b 45 46 107
f 45 46 107
v 593
n 0.327762 0.430196 0.841132
b 314 329 344 361
f 314 329 344 361
v 598
n 0.804043 -0.471303 0.362475
b 258 275 293 328 373 395 403
f 258 275 293 328 373 395 403
v 604
n -0.64173 0.585061 0.495869
b 367 370 371
f 367 370 371
v 605
n 0.426801 -0.260484 0.866019
b 313 326 345 358 377
f 313 326 345 358 377
v 607
n 0.499224 -0.866439 -0.00769492
b 97 98 99 127 128 129 362 363
f 97 98 99 127 128 129 362 363
v 609
n -0.498364 -0.477416 -0.723676
b 43 45 46 107 193
f 43 45 46 107 193
v 620
n 0.756096 -0.652629 0.048934
b 132 133 228 364
f 132 133 228 364
v 621
n -0.122525 0.0666077 -0.990228
b 43 46 106 107 125 156 193 204
f 43 46 106 107 125 156 193 204
v 622
n 0.6699 -0.0999188 -0.735697
b 162 209 229
f 162 209 229
v 631
n 0.472603 -0.303765 -0.827268
b 237 238 382
f 237 238 382
v 662
n -0.345353 0.314915 -0.884059
b 268 272 276
f 268 272 276
v 665
n -0.0154555 0.757044 0.653181
b 330 331 343
f 330 331 343
v 667
n 0.230162 -0.201733 0.952013
b 326 331 345 360 377
f 326 331 345 360 377
v 670
n -0.372313 0.279905 0.884893
b 331 343 345
f 331 343 345
v 684
n -0.054049 0.0345159 0.997942
b 160 230 246 258 259 263 285 290 305 310 367 368 370 372 373 390 392 393 394 395 397 399 400 402 403 404
f 160 230 246 258 259 263 285 290 305 310 316 319 322 367 368 370 372 373 390 392 393 394 395 397 399 400 401 402 403 404
v 685
n -0.66046 0.48457 0.573572
b 273 274 280 302 374 381
f 273 274 280 302 374 381
v 688
n 0.394782 -0.276573 0.876159
b 101 159 218 219 347 352 357 358 377
f 101 159 218 219 347 352 357 358 377
v 692
n 0.201701 0.373639 0.905379
b 390 392 393 394 400
f 390 392 393 394 400
v 706
n -0.785073 0.60124 0.148899
b 170 177 182 188 205 208 233 239 242 243 248 249 267 268 269 288 298 299 307 340 346 396 398
f 170 177 182 188 205 208 233 239 242 243 248 249 267 268 269 288 298 299 307 340 346 396 398
v 709
n 0.00157498 -0.00127702 0.999998
b 393 394 397
f 393 394 397
v 715
n -0.697323 -0.624245 0.352219
b 302 355 381
f 302 355 381
v 730
n -0.48047 0.41103 0.774728
b 390 393 399
f 390 393 399
v 738
n -0.390475 0.273103 0.879172
b 148 154 211 216 324 327 343 345 349 350 356
f 148 154 211 216 324 327 343 345 349 350 356
v 739
n -0.271096 -0.358534 0.893286
b 144 145 195 206 207 212 219 291 311 332 354 377
f 144 145 195 206 207 212 219 291 311 332 354 377
v 743
n -0.469106 -0.701934 0.535937
b 325 328 403
f 325 328 403
v 750
n 0.440531 -0.33598 0.832496
b 368 397 400 404
f 368 397 400 404
v 757
n 0.374238 -0.292332 0.88005
b 195 212 244 354 388
f 195 212 244 354 388
v 762
n 0.255353 0.347583 0.902209
b 207 212 244 291 292 311 320 332 345 349 360 388
f 207 212 244 291 292 311 320 321 332 345 349 359 360 388
v 767
n 0.14864 -0.988572 -0.0251333
b 113 228 364
f 113 228 364
v 776
n -0.0689945 0.049723 -0.996377
b 43 132 201 204 222 233 237 242 252 257 262 278 279 294 295 296 298 301 339 342 363 378 380 382 389 396 398 406
f 43 132 201 204 222 233 237 242 252 257 262 278 279 294 295 296 298 301 339 342 363 365 378 380 382 386 389 396 398 406
v 796
n -0.289038 0.216197 0.932586
b 234 245 247 285 367 368 371 375 376 384 385 402 404 405
f 234 245 247 285 367 368 371 375 376 383 384 385 402 404 405
