v 0
n 0.0441486 -0.925701 -0.375672
b 0 8 11 12 19 41 50 52
f 0 8 11 12 19 41 50 52
v 4
n -0.0353617 -0.676076 -0.735983
b 1 3 14 182 242
f 1 3 14 182 242
v 10
n 0.303773 0.59666 -0.742778
b 5 6 7 10 26
f 5 6 7 10 26
v 15
n 0.00707382 0.0192373 -0.99979
b 1 2 3 7 9 15 32 33 64 79 95
f 1 2 3 7 9 15 17 32 33 64 79 95
v 16
n -0.019881 0.0143803 -0.999699
b 0 5 6 7 8 9 10 15 19 21 26 32 33 34 37 57 59 64 66 68 72 73 74 79 81 84 91 92 93 95 105 106 108 121 122 123 140 168
f 0 4 5 6 7 8 9 10 15 19 21 23 24 25 26 29 30 31 32 33 34 35 37 54 57 59 64 66 67 68 72 73 74 79 81 84 91 92 93 95 105 106 108 121 122 123 140 168
v 22
n -0.547861 0.759191 -0.351393
b 1 2 33
f 1 2 33
v 42
n 0.802612 0.596362 0.0128873
b 14 16 27
f 14 16 27
v 52
n 0.995663 -0.0926356 -0.00861758
b 3 14 16 18 22 27 48 82 146
f 3 14 16 18 22 27 48 82 146
v 53
n -0.841866 0.539506 -0.0139386
b 20 21 145
f 20 21 145
v 63
n -0.998437 -0.0555088 -0.00655356
b 12 19 20 21 37 49 50 66 78 145
f 12 19 20 21 37 49 50 66 78 145
v 77
n -0.0316087 0.863678 -0.503051
b 28 39 40 42 44 65 76 143 180 185 190 191 196 222
f 28 39 40 42 44 65 76 143 180 185 190 191 196 222
v 79
n 0.00235588 0.888293 -0.459272
b 39 40 42 143 196
f 39 40 42 143 196
v 88
n 0.0620458 0.390542 0.918492
b 36 43 46 181 255
f 36 43 46 181 255
v 95
n -0.019652 0.545926 -0.837603
b 21 34 37
f 21 34 37
v 105
n -0.171995 0.985095 0.0023337
b 46 47 199
f 46 47 199
v 121
n 0.999216 0.0310483 -0.0245565
b 42 58 65 120 138
f 42 58 65 120 138
v 137
n 0.434239 0.900694 -0.0136973
b 51 56 58 90 104 107 120
f 51 56 58 90 104 107 120
v 140
n 0.6869 -0.0143407 -0.72661
b 42 53 58
f 42 53 58
v 142
n 0.0034123 -0.247701 -0.96883
b 42 44 53 58 69
f 42 44 53 58 69
v 143
n 0.00865711 0.996251 0.0860772
b 36 46 47 200
f 36 46 47 200
v 145
n 0.431017 0.901676 -0.0347229
b 39 40 143 181 255 260 327 339 394 399
f 39 40 143 181 255 260 327 339 394 399
v 146
n -0.00912828 0.903079 0.429377
b 70 76 180
f 70 76 180
v 150
n 0.00555429 0.899235 0.437431
b 65 112 143
f 65 112 143
v 156
n -0.432644 0.901364 0.0190308
b 56 69 102 104 119
f 56 69 102 104 119
v 159
n 0.00688651 0.936865 -0.349623
b 51 56 58 69 90
f 51 56 58 69 90
v 165
n -0.929414 0.367711 0.0312771
b 40 46 196 197 199 255
f 40 46 196 197 199 255
v 208
n -0.0099381 0.877599 0.479292
b 96 99 114 115 116 117 127 137
f 96 99 114 115 116 117 127 137
v 219
n -0.213911 -0.927403 0.306866
b 66 81 121
f 66 81 121
v 227
n -0.743917 0.196473 0.638738
b 176 185 190
f 176 185 190
v 235
n 0.0135185 0.0602819 0.99809
b 88 98 99
f 88 98 99
v 242
n 0.469558 0.882897 0.00261728
b 70 135 139 180 261 322 323 330 396 397
f 70 135 139 180 261 322 323 330 396 397
v 245
n 0.00668435 0.885639 0.464326
b 65 70 76 101 109 112 134 135 138 139 256
f 65 70 76 101 109 112 134 135 138 139 256
v 247
n -0.991415 0.1287 0.0230724
b 28 44 69 76 101 119
f 28 44 69 76 101 119
v 248
n 0.0658883 -0.640293 -0.765299
b 84 123 172
f 84 123 172
v 251
n 0.0693621 -0.3694 0.926678
b 96 117 127
f 96 117 127
v 252
n -0.132352 -0.647035 -0.750885
b 89 110 124
f 89 110 124
v 256
n 0.0128015 0.896475 0.442909
b 90 102 104 107 119 120
f 90 102 104 107 119 120
v 275
n 0.038674 -0.953413 -0.299178
b 1 7 8 10 11 14 27 41 50 52 60 62 75 77 113 118 141 174 177 182 183 187 189 193 203 242 243 254 257 259 263 268 292 295 298 301 303 306 311 312 315 317 340
f 1 7 8 10 11 13 14 27 41 45 50 52 60 62 63 75 77 113 118 141 174 177 182 183 187 189 193 203 212 213 214 216 217 218 242 243 253 254 257 259 263 268 273 292 295 298 301 303 306 311 312 315 317 340
v 278
n -0.0059989 -0.845331 -0.534209
b 105 106 129
f 105 106 129
v 286
n 0.00305455 0.00507933 0.999982
b 98 99 114 117 127 134 135 261 262
f 98 99 114 117 127 134 135 261 262
v 290
n -0.95785 0.283366 0.0471886
b 127 137 166
f 127 137 166
v 292
n -0.00164015 -0.00383298 0.999991
b 101 119 120 138
f 101 119 120 138
v 295
n 0.344468 0.885108 0.312932
b 88 96 98 115 116 117 125 136 137 149 156 158 160 161 162 169 170 173 175 201
f 88 96 98 115 116 117 125 136 137 149 156 158 160 161 162 169 170 173 175 201
v 299
n 0.000182991 0.932713 -0.36062
b 136 150 160 170
f 136 150 160 170
v 301
n 0.999944 -0.00896042 -0.00555454
b 3 16 18 22 27 36 43 48 64 75 82 118 140 141 146 151 174 181 187 192 193 198 200 255 301 377 392 394 399
f 3 16 18 22 27 36 38 43 48 55 61 64 75 80 82 85 97 118 133 140 141 144 146 147 151 154 159 174 179 181 187 192 193 194 198 200 202 206 207 220 229 235 240 245 251 255 283 289 301 377 392 394 399
v 319
n -0.318035 0.948006 0.0117844
b 136 149 150
f 136 149 150
v 324
n -0.617976 0.711235 -0.335038
b 137 160 166
f 137 160 166
v 327
n -0.463344 0.886178 0.00125546
b 109 112 134 143 256 260 262 314 325 338 398
f 109 112 134 143 256 260 262 314 325 338 398
v 332
n 0.747259 0.664505 -0.00613631
b 148 155 184
f 148 155 184
v 334
n 0.829085 0.402447 0.388143
b 149 161 175
f 149 161 175
v 350
n 0.00135949 -0.0584494 -0.998289
b 47 57 59 68 72 73 74 79 84 89 91 92 93 95 105 106 108 110 121 122 123 124 129 140 168 172 176 190 191 192 196 197 198 199 200
f 47 57 59 68 72 73 74 79 84 86 89 91 92 93 94 95 100 103 105 106 108 110 111 121 122 123 124 126 128 129 140 165 168 172 176 190 191 192 196 197 198 199 200
v 357
n 0.00184873 0.622678 0.782476
b 148 155 156
f 148 155 156
v 362
n 0.624565 -0.679038 -0.385779
b 161 175 201
f 161 175 201
v 373
n 0.00574978 0.339789 0.940484
b 208 209 226 233
f 208 209 226 233
v 374
n -0.999949 -0.0100399 -0.000612494
b 49 50 60 62 66 71 77 78 83 113 121 130 131 145 152 171 176 177 183 203 241 243 247 268 296 303 374 389 395
f 49 50 60 62 66 71 77 78 83 87 113 121 130 131 132 142 145 152 157 171 176 177 183 188 203 205 221 223 231 241 243 247 250 258 268 284 286 296 300 303 374 389 395
v 376
n -0.768496 0.603869 0.211554
b 49 71 83 130 131 145 152 296
f 49 71 83 130 131 145 152 296
v 382
n -0.0128362 0.825637 0.564055
b 208 232 233
f 208 232 233
v 386
n 0.600128 -0.79158 0.115099
b 151 187 189
f 151 187 189
v 387
n -0.249168 0.858279 -0.448635
b 151 174 189
f 151 174 189
v 399
n -0.37925 0.742208 0.552537
b 88 98 99 115 125 136 150 153 158 170
f 88 98 99 115 125 136 150 153 158 170
v 404
n 0.0153735 0.59958 -0.800167
b 167 169 184 186
f 167 169 184 186
v 409
n -0.0657655 0.990217 0.123065
b 148 156 169 186
f 148 156 169 186
v 460
n -0.575616 0.817057 -0.0329224
b 171 176 180 185 222 241 247 321 322 328 395
f 171 176 180 185 222 241 247 321 322 328 395
v 468
n -0.751218 -0.00320759 0.660046
b 254 275 295 366
f 254 275 295 366
v 475
n 0.77529 -0.00706412 0.631566
b 259 276 340 368
f 259 276 340 368
v 477
n 0.384279 -0.0251948 -0.922873
b 215 267 274
f 215 267 274
v 487
n 0.696208 -0.625528 -0.352149
b 219 370 373
f 219 370 373
v 490
n -0.00424355 0.520111 -0.854088
b 224 225 227 244
f 224 225 227 244
v 492
n -0.965926 0.018357 0.258167
b 215 252 265 267 270 271 277 285 293 319 324 329 333 334 343 344 354 380 390
f 215 252 265 267 270 271 277 285 293 319 324 329 333 334 343 344 354 380 390
v 493
n 0.909263 -0.35163 -0.222705
b 219 264 266 269 278 280 290 309 310 313 315 320 331 332 337 341 342 359 373 393
f 219 264 266 269 278 280 290 309 310 313 315 320 331 332 337 341 342 359 373 393
v 507
n 0.173704 0.791108 0.586494
b 246 248 249
f 246 248 249
v 521
n -0.0034325 0.876334 0.481692
b 260 325 327
f 260 325 327
v 528
n -0.394257 0.0199597 0.918783
b 254 257 259 263 275 276 307 308
f 254 257 259 263 275 276 307 308
v 531
n -0.697571 -0.581059 -0.419244
b 252 274 302
f 252 274 302
v 532
n 0.80642 -0.371778 0.459857
b 215 252 274
f 215 252 274
v 545
n -0.00936481 0.863364 0.504494
b 321 322 323 328 330 395 396
f 321 322 323 328 330 395 396
v 551
n 0.881171 0.472792 0.00255647
b 208 209 224
f 208 209 224
v 554
n -0.324398 0.945875 0.009353
b 149 150 164 195 201 210 228 230 239 271 272 279 281 282 318 355 372 390
f 149 150 164 195 201 210 228 230 239 271 272 279 281 282 318 355 372 390
v 556
n 0.226304 0.96775 0.110667
b 148 150 153 155 156 158 160 162 164 167 169 170 173 175 184 186 195 201 204 208 209 210 211 224 225 226 227 230 232 233 234 236 239 244 246 248 249 271 272 278 279 281 282 287 288 291 294 297 316 318 326 354 355 357 371 372 387 393
f 148 150 153 155 156 158 160 162 164 167 169 170 173 175 184 186 195 201 204 208 209 210 211 224 225 226 227 230 232 233 234 236 239 244 246 248 249 271 272 278 279 281 282 287 288 291 294 297 316 318 326 354 355 357 371 372 387 393
v 559
n 0.272128 -0.0571166 -0.960564
b 265 277 285
f 265 277 285
v 565
n -0.573735 -0.39873 -0.715431
b 264 266 269 280 290 304
f 264 266 269 280 290 304
v 566
n 0.703124 -0.283325 -0.652183
b 265 270 274 285 302
f 265 270 274 285 302
v 572
n 0.626756 -0.611329 0.48317
b 270 302 305 319
f 270 302 305 319
v 574
n 0.999544 0.00604315 0.0295726
b 98 125 175 210 228 261 272 297 387 397
f 98 125 175 210 228 261 272 297 387 397
v 575
n -0.740024 -0.277114 0.612839
b 252 267 271 293 302 305 319 324 333 343 344 345 354
f 252 267 271 293 302 305 319 324 333 343 344 345 354
v 592
n -0.484839 -0.560242 0.67161
b 269 276 280 290 304 310 313 331 332 336 337 341 363
f 269 276 280 290 304 310 313 331 332 336 337 341 363
v 617
n 0.856059 -0.0813301 -0.510439
b 299 351 356
f 299 351 356
v 619
n 0.370053 -0.514186 -0.77374
b 285 333 334
f 285 333 334
v 630
n -0.861698 0.507334 -0.00938196
b 225 227 233
f 225 227 233
v 631
n 0.514547 -0.400044 0.758423
b 285 293 344
f 285 293 344
v 634
n -0.932455 -0.0564575 -0.356848
b 336 348 358
f 336 348 358
v 635
n 0.805177 -0.0404947 -0.59165
b 336 348 363
f 336 348 363
v 637
n -0.9263 -0.116125 0.358445
b 315 342 370
f 315 342 370
v 638
n -0.505595 0.857061 -0.0990982
b 158 160 162 163 166 170 173 178 204 211 225 226 227 233 234 236 237 238 246 248 249 287 288 291 294 316 326 391
f 158 160 162 163 166 170 173 178 204 211 225 226 227 233 234 236 237 238 246 248 249 287 288 291 294 316 326 391
v 641
n -0.73057 -0.0561775 -0.680523
b 299 351 362
f 299 351 362
v 642
n -0.138603 -0.73909 0.659193
b 299 353 356
f 299 353 356
v 645
n -0.411994 -0.373966 -0.830909
b 290 332 336 337 353 358
f 290 332 336 337 353 358
v 654
n 0.282145 -0.596663 0.751257
b 329 333 334 335 343 362
f 329 333 334 335 343 362
v 660
n -0.958858 -0.267564 -0.0948702
b 299 335 362
f 299 335 362
v 663
n 0.0632962 -0.128701 -0.989661
b 299 331 335 336 337 353
f 299 331 335 336 337 353
v 672
n -0.00539137 -0.999985 0.000175237
b 274 275 285 307 334 335 336 337 365 366
f 274 275 285 307 334 335 336 337 365 366
v 676
n -0.452605 -0.148094 0.879327
b 277 285 293 319 329 343 344 350 354 362
f 277 285 293 319 329 343 344 350 354 362
v 679
n 0.451558 -0.046119 0.891049
b 280 310 313 316 331 341 344 345 346 348 350 351 353 354 355 356 357 358 362 363 371 372
f 280 310 313 316 331 341 344 345 346 348 350 351 353 354 355 356 357 358 362 363 367 369 371 372
v 682
n -0.477315 0.461565 0.747749
b 343 345 362
f 343 345 362
v 684
n -0.0101182 -0.999674 -0.0234331
b 219 264 269 276 290 304 307 308 309 337 368 370
f 219 264 269 276 290 304 307 308 309 337 368 370
v 691
n -0.999999 0.000897078 -0.00118832
b 127 163 166 178 237 238 262 391 398
f 127 163 166 178 237 238 262 391 398
v 692
n 0.816309 0.202519 0.540949
b 219 266 278 304 309 310 313 316 320 326 332 341 373 381 393
f 219 266 278 304 309 310 313 316 320 326 332 341 373 381 393
v 696
n -0.0065835 -0.0261314 0.999637
b 292 295 303 306 311 312 365 366 374 379 380 383 384 389
f 292 295 303 306 311 312 349 352 364 365 366 374 376 378 379 380 383 384 389
v 706
n 0.0307588 0.943513 -0.329905
b 281 282 288
f 281 282 288
v 714
n 0.425609 -0.796432 -0.429597
b 270 274 285 329 334 335
f 270 274 285 329 334 335
v 723
n 0.418039 0.354021 0.836607
b 313 341 346 363
f 313 341 346 363
v 754
n -0.588699 -0.786015 0.188718
b 267 274 365 380
f 267 274 365 380
v 764
n -0.0133996 -0.00165301 0.999909
b 298 301 315 317 340 342 359 368 370 373 377 381 385 386 392
f 298 301 315 317 340 342 347 359 360 361 368 370 373 375 377 381 382 385 386 392
v 789
n 0.0250212 -0.345834 0.937962
b 272 379 380 383 384 387 389 390 395 396 397
f 272 379 380 383 384 387 388 389 390 395 396 397
v 793
n 0.043257 -0.0573172 0.997418
b 249 381 385 386 391 392 393 394 398 399
f 249 381 385 386 391 392 393 394 398 399
v 795
n -0.000596642 0.867576 0.497304
b 314 325 327 338 339 398 399
f 314 325 327 338 339 398 399
