v 24
n -0.962212 0 -0.272303
0 1 2 3 4 5 6 9 10 11 12 13 14 15 16 17 18 19 20 21 22 23 24 25 26 27 28 29 30 31 32 33 36 37 38 39 40 41 42 43 44 45 46 47 48 49 50 51 52 53 54 55 56 57 58 59 60 61 62 63 64 65 66 67 68 70 71 72 75 79 80 81 82 83 86 91 92 93 95 96 99 101 104 105 106 108 110 111 112 115 116 117 118 119 120 121 122 127 128 129 130 131 132 133 134 135 136 137 138 139 140 141 142 143 144 145 146 147 148 149 160 161 162 165 167 204 205 206 207 208 211 212 213 214 215 216 217 219 221 222 224 225 226 227 228 229 232 233 234 235 236 239 240 241 242 243 246 247 249 250 253 255 257 258 259 262 263 264 265 266 267 268 269 270 271 272 274 276 277 278 279 280 281 286 287 288 291 292 293 294 296 297 300 301 302 303 304 305 306 307 312 314 315 316 317 318 319 320 321 322 323 324 326 328 329 331 335 337 338 339
v 26
n 0.961856 0 0.273555
99 101 104 105 106 108 204 205 206 287 288 292 294 297 317 319 320 329
v 31
n 0.273553 1.27542e-07 -0.961857
3 4 19 20 21 27 36 49 52 56 57 58 61 62 63 65 66 67 84 86 87 88 89 90 91 92 93 94 96 97 98 99 100 101 102 103 104 108 109 112 113 114 115 116 117 123 124 125 126 127 129 134 137 161 164 211 212 213 216 217 233 262 266 272 276 277 278 279 285 287 288 290 291 292 294 295 296 297 298 299 300 302 305 306 324 325 327 329
v 44
n -0.280659 0.00170995 0.959806
0 2 5 22 25 31 32 44 45 46 48 50 51 53 54 55 59 60 84 85 86 87 89 90 91 92 93 94 96 97 98 99 100 101 102 103 130 131 132 133 136 150 180 192 211 212 215 224 246 247 263 265 269 270 277 278 279 285 286 287 288 290 292 295 297 306 307 324
v 46
n -0 1 0
19 25 27 32
v 64
n 0.275899 0 -0.961187
1 37 38 39 40 41 42 43
v 138
n 0.960346 0 0.278811
85 86 88 91 92 93 277 306
v 185
n -0.426359 -0.276773 0.86117
130 131 133
v 196
n 0.303278 -0.280957 -0.910541
36 137 300
v 212
n 0 1 0
168 169 170 171 172 173 174 175 176 183 184 185
v 214
n 0.959402 0.0613842 0.275281
1 6 7 8 9 10 11 12 13 14 15 16 17 18 23 24 26 28 29 30 33 43 47 50 56 59 68 69 73 74 75 76 77 78 79 81 82 83 95 96 110 111 112 115 116 117 118 121 122 127 128 129 135 138 139 140 141 142 143 144 145 146 147 148 149 150 151 153 160 161 163 164 167 173 174 178 179 180 181 182 207 210 211 212 215 216 217 218 220 221 222 223 224 225 226 227 228 229 231 232 233 235 236 239 241 242 243 244 245 246 247 248 249 252 258 259 260 261 273 274 275 280 281 282 284 301 303 304 308 309 311 316 318 322 323 324 325 332 333 334 335 337 338 339 340 341
v 219
n 0.160443 0.0201726 -0.986839
6 8 9 33 34 35 68 71 73 75 77 79 81 82 83 105 106 107 110 111 118 119 120 121 122 151 153 154 155 157 159 174 178 179 181 184 188 189 190 191 193 194 200 207 208 210 214 218 220 221 222 225 226 227 228 229 230 231 232 234 235 236 239 240 241 242 243 244 248 249 250 252 253 257 258 259 260 312 313 326 331 334 335
v 224
n -0.275686 -0.0017232 0.961246
150 156 158 168 173 180 182 186 187 192 195 201 340 341
v 226
n -0.961252 -0 -0.27567
154 155 156 157 158 190 191 194 195
v 229
n 0.961269 -0 0.275611
159 168 169 176 183 184 185 186 187 188 189 201
v 233
n -0.90027 -0.350553 -0.258122
160 165 166 167
v 250
n 0.27565 0 -0.961258
169 170 171 185
v 252
n -0.961264 0 -0.27563
170 171 172 175
v 254
n 0.879251 -0.404185 0.252095
151 178 340
v 260
n -0.27565 0 0.961258
172 175 176 183
v 267
n 0.779137 0.585601 0.223643
71 153 180 181 232 250
v 268
n 0.86753 0.430723 0.248735
150 153 180
v 283
n 0.880564 -0.401079 0.252472
159 186 187 188
v 293
n -0.879855 -0.402723 -0.252327
157 158 194 195
v 315
n 0.15322 0.82842 -0.538742
59 224 232
v 316
n 0.10821 -0.918435 -0.380484
50 163 215 245 246 247
v 326
n -0.148783 0.839158 0.523142
163 245 247
v 331
n -0.222729 0.590163 0.775951
1 43 164
v 342
n -0.145549 -0.846703 0.511771
56 216 217 232 233
v 348
n -0.0115999 0.96259 -0.270715
199 200 218
v 361
n -0.272317 0 0.962208
6 7 8 9 33 34 35 64 68 69 70 71 72 73 74 75 76 77 78 79 80 81 82 83 104 105 106 107 108 109 110 111 112 113 114 115 116 117 118 119 120 121 122 123 124 125 126 127 129 162 165 166 199 200 207 218 219 221 222 225 226 227 228 229 231 235 236 239 241 242 243 244 249 250 255 258 259 261 264 267 268 271 293 294 298 299 313 314 327 328 329 332 333 335
v 377
n 0.800514 -0.554881 0.22646
8 230 244
v 398
n 0.0579734 0.128031 0.990074
160 167 212 223
v 402
n -0.800208 0.554865 -0.227577
8 73 230
v 422
n -0 1 0
0 2 3 4 7 14 15 17 37 38 39 41 42 44 45 46 48 49 51 52 53 55 57 58 60 62 66 69 70 72 74 76 77 78 80 130 132 134 140 147 148 161 162 163 164 166 167 199 215 216 218 219 222 224 225 230 232 233 244 245 246 247 255 261 262 263 264 265 266 267 268 269 270 271 272 280 281 282 284 301 302 304 308 311 316 317 319 322
v 460
n 0 1 0
142 143 145 273 274 275
v 494
n -0.998745 -0.0384658 -0.0320778
106 292 293 294 328 329
v 509
n 0 -1 0
14 15 17 20 22 36 85 88 132 133 135 136 137 140 142 143 145 147 148 274 278 279 280 281 301 302 303 304
v 521
n -0.864696 0.0145231 -0.502085
93 305 306
v 537
n 0 -0.868955 -0.494891
146 148 309
v 557
n 0.998212 0.0124208 -0.0584732
323 324 325
v 569
n -0.866148 0.0384658 -0.498304
106 111 115 312 326 329
v 601
n -0.0251916 -0.999305 0.0274908
2 3 4 5 7 37 38 39 40 41 43 44 45 48 51 52 54 55 58 60 61 62 63 64 65 66 67 78 80 156 166 167 179 182 191 192 193 199 200 213 215 216 219 224 225 246 255 262 263 264 265 266 267 268 269 270 271 272 315 316 317 319 321 322
v 604
n -0.0190758 0.999718 0.0141537
189 190 195 201
