v 19
n -0 1 0
1 2 14 17 22 25 31 32 101 104 107 110 116 117 184 187 193 194 200 203 207 208 210 211 286 289 293 294 296 297 372 375
v 410
n 0.98214 -0.187956 0.00856363
2 6 7 8 11 15 16 17 20 21 22 23 24 25 30 31 32 33 34 35 36 38 39 40 41 42 46 47 48 50 51 52 53 54 55 56 58 59 60 62 63 64 65 66 67 68 70 71 72 74 75 76 77 78 79 80 82 83 84 86 87 88 89 90 91 92 94 95 96 97 98 99 100 102 103 105 106 115 118 180 193 196 197 198 200 206 208 211 212 220 221 222 223 224 227 228 231 238 239 240 250 251 252 253 254 262 263 264 265 266 274 275 276 283 284 293 295 296 299 300 301 302 304 305 312 315 316 318 320 322 330 331 332 334 335 342 343 344 346 347 354 355 356 358 359 366 368 450 476
v 422
n -0.999961 -0 -0.00885514
1 4 5 9 10 14 18 19 107 108 109 110 115 116 117 118 119 120 121 123 124 125 126 127 131 132 133 135 136 137 138 139 140 141 143 144 145 147 148 149 150 151 152 153 155 156 157 159 160 161 162 163 164 165 167 168 169 171 172 173 174 175 176 177 179 180 181 182 183 185 186 188 189 190 191 194 201 202 203 204 205 207 209 210 213 214 215 216 218 219 226 229 230 232 234 236 244 245 246 248 249 256 257 258 260 261 268 269 270 272 273 280 282 292 294 297 298 306 307 308 309 310 313 314 317 324 325 326 327 328 336 337 338 339 340 348 349 350 351 352 360 361 362 463
v 454
n -0.00885514 0 0.999961
32 34 35 36 38 39 46 47 48 50 51 58 59 60 62 63 70 71 72 74 75 82 83 84 86 87 94 95 96 99 102 103 104 105 106 116 125 126 127 137 138 139 140 141 149 150 151 152 153 161 162 163 164 165 173 174 175 176 177 179 180 181 182 183 184 188 189 192 193 194 195 196 197 198 201 202 204 205 206 207 208 209 214 215 216 218 219 220 221 222 223 224 226 227 228 229 230 231 232 234 236 238 239 240 244 245 246 248 249 250 251 252 253 254 256 257 258 260 261 262 263 264 265 266 268 269 270 272 273 274 275 276 280 282 283 284 286 287 288 289 463 476
v 508
n 0.00884911 0 -0.999961
0 1 2 3 4 5 6 7 8 9 10 11 15 16 18 19 20 21 31 40 41 42 52 53 54 55 56 64 65 66 67 68 76 77 78 79 80 88 89 90 91 92 97 98 100 101 117 119 120 121 123 124 131 132 133 135 136 143 144 145 147 148 155 156 157 159 160 167 168 169 171 172 185 186 187 190 191 292 293 294 295 300 301 302 304 305 306 307 308 309 310 312 313 314 315 316 317 318 320 322 324 325 326 327 328 330 331 332 334 335 336 337 338 339 340 342 343 344 346 347 348 349 350 351 352 354 355 356 358 359 360 361 362 366 368 372 373 374 375 450
v 519
n 0 -1 0
0 3 5 6 23 24 30 33 94 108 109 118 180 192 195 206 209 212 213 287 288 292 295 298 299 373 374
